0.4588 0.4116 0 0 0 0 0 0 0 0 0 0 0 0 0 0 0 0 0 0
0 0.3232 0.4121 0 0 0 0 0 0 0 0 0 0 0 0 0 0 0 0 0
0 0 0.4687 0.4458 0 0 0 0 0 0 0 0 0 0 0 0 0 0 0 0
0 0 0 0.4004 0.4367 0 0 0 0 0 0 0 0 0 0 0 0 0 0 0
0 0 0 0 0.4934 0.4091 0 0 0 0 0 0 0 0 0 0 0 0 0 0
0 0 0 0 0 -0.4178 -0.4257 0 0 0 0 0 0 0 0 0 0 0 0 0
0 0 0 0 0 0 -0.5717 -0.5997 0 0 0 0 0 0 0 0 0 0 0 0
0 0 0 0 0 0 0 -0.4313 -0.463 0 0 0 0 0 0 0 0 0 0 0
0 0 0 0 0 0 0 0 -0.5187 -0.4057 0 0 0 0 0 0 0 0 0 0
0 0 0 0 0 0 0 0 0 -0.6128 -0.6127 0 0 0 0 0 0 0 0 0
0 0 0 0 0 0 0 0 0 0 -0.4133 -0.494 0 0 0 0 0 0 0 0
0 0 0 0 0 0 0 0 0 0 0 -0.4895 -0.5023 0 0 0 0 0 0 0
0 0 0 0 0 0 0 0 0 0 0 0 -0.4985 -0.4439 0 0 0 0 0 0
0 0 0 0 0 0 0 0 0 0 0 0 0 -0.535 -0.4846 0 0 0 0 0
0 0 0 0 0 0 0 0 0 0 0 0 0 0 -0.492 -0.4906 0 0 0 0
0 0 0 0 0 0 0 0 0 0 0 0 0 0 0 -0.5101 -0.4894 0 0 0
0 0 0 0 0 0 0 0 0 0 0 0 0 0 0 0 -0.4802 -0.5217 0 0
0 0 0 0 0 0 0 0 0 0 0 0 0 0 0 0 0 -0.4873 -0.5826 0
0 0 0 0 0 0 0 0 0 0 0 0 0 0 0 0 0 0 -0.4507 -0.3821
