0.4752 0.4243 0 0 0 0 0 0 0 0 0 0 0 0 0 0 0 0 0 0
0 0.325 0.407 0 0 0 0 0 0 0 0 0 0 0 0 0 0 0 0 0
0 0 0.4718 0.4513 0 0 0 0 0 0 0 0 0 0 0 0 0 0 0 0
0 0 0 0.4025 0.4628 0 0 0 0 0 0 0 0 0 0 0 0 0 0 0
0 0 0 0 0.4777 0.3794 0 0 0 0 0 0 0 0 0 0 0 0 0 0
0 0 0 0 0 -0.4475 -0.4514 0 0 0 0 0 0 0 0 0 0 0 0 0
0 0 0 0 0 0 -0.5647 -0.5993 0 0 0 0 0 0 0 0 0 0 0 0
0 0 0 0 0 0 0 -0.4397 -0.4666 0 0 0 0 0 0 0 0 0 0 0
0 0 0 0 0 0 0 0 -0.5258 -0.4037 0 0 0 0 0 0 0 0 0 0
0 0 0 0 0 0 0 0 0 -0.6215 -0.6168 0 0 0 0 0 0 0 0 0
0 0 0 0 0 0 0 0 0 0 -0.411 -0.5267 0 0 0 0 0 0 0 0
0 0 0 0 0 0 0 0 0 0 0 -0.4609 -0.4938 0 0 0 0 0 0 0
0 0 0 0 0 0 0 0 0 0 0 0 -0.5104 -0.4529 0 0 0 0 0 0
0 0 0 0 0 0 0 0 0 0 0 0 0 -0.5301 -0.4824 0 0 0 0 0
0 0 0 0 0 0 0 0 0 0 0 0 0 0 -0.4967 -0.5169 0 0 0 0
0 0 0 0 0 0 0 0 0 0 0 0 0 0 0 -0.4845 -0.4838 0 0 0
0 0 0 0 0 0 0 0 0 0 0 0 0 0 0 0 -0.4804 -0.5107 0 0
0 0 0 0 0 0 0 0 0 0 0 0 0 0 0 0 0 -0.5029 -0.5853 0
0 0 0 0 0 0 0 0 0 0 0 0 0 0 0 0 0 0 -0.4467 -0.3817
