-0.46 -0.5502 0 0 0 0 0 0 0 0 0 0 0 0 0 0 0 0 0 0
0 -0.4718 -0.432 0 0 0 0 0 0 0 0 0 0 0 0 0 0 0 0 0
0 0 -0.6301 -0.6478 0.2273 0 0 0 0 0 0 0 0 0 0 0 0 0 0 0
0 0 0 -0.282 -0.3342 0 0 0 0 0 0 0 0 0 0 0 0 0 0 0
0 0 0 0 -0.5056 -0.4786 0 0 0 0 0 0 0 0 0 0 0 0 0 0
0 0 0 0 0 -0.4301 -0.4242 0 0 0 0 0 0 0 0 0 0 0 0 0
0 0 0 0 0 0 -0.5865 -0.5525 0 0 0 0 0 0 0 0 0 0 0 0
0 0 0 0 0 0 0 -0.4689 -0.4419 0 0 0 0 0 0 0 0 0 0 0
0 0 0 0 0 0 0 0 -0.5764 -0.4306 0 0 0 0 0 0 0 0 0 0
0 0 0 0 0 0 0 0 0 -0.5083 -0.5344 0 0 0 0 0 0 0 0 0
0 0 0 0 0 0 0 0 0 0 -0.4847 -0.4912 0 0 0 0 0 0 0 0
0 0 0 0 0 0 0 0 0 0 0 -0.5024 -0.5868 0 0 0 0 0 0 0
0 0 0 0 0 0 0 0 0 0 0 0 -0.4352 -0.4139 0 0 0 0 0 0
0 0 0 0 0 0 0 0 0 0 0 0 0 -0.5294 -0.4851 0 0 0 0 0
0 0 0 0 0 0 0 0 0 0 0 0 0 0 -0.555 -0.5388 0 0 0 0
0 0 0 0 0 0 0 0 0 0 0 0 0 0 0 -0.4228 -0.4811 0 0 0
0 0 0 0 0 0 0 0 0 0 0 0 0 0 0 0 -0.5446 -0.5009 0 0
0 0 0 0 0 0 0 0 0 0 0 0 0 0 0 0 0 -0.4843 -0.538 0
0 0 0 0 0 0 0 0 0 0 0 0 0 0 0 0 0 0 -0.4476 -0.4423
