-0.9989 0.2469 -0.3877 0.3181 -0.7845 0.0817 -0.4391 2.2484 -1.3456 0.6475 -0.5203 -0.4615 -0.2893 -0.8482 -0.4122 -1.0374 2.2153 -2.5131 4.0621 -0.5763
-0.6936 1.9078 -2.701 2.6848 -3.4367 2.5392 -2.025 3.5968 -3.0446 2.8872 -3.7536 3.2935 -2.618 1.8049 -2.3538 3.2501 -2.1009 2.013 -1.9699 0.8477
-1.1041 1.0416 1.3435 -1.2911 -0.0831 1.6881 -1.2932 1.1405 -2.4166 0.9353 -1.2442 2.157 -1.0698 -0.2047 -0.2438 -0.6062 0.753 -1.25 0.4638 1.2105
1.0485 1.3675 -0.4511 1.4808 -2.7627 3.5639 -4.7059 4.3803 -2.8717 0.8618 0.4702 -1.6565 1.2581 -0.3182 0.7478 -0.7677 1.9879 -1.6555 0.9811 -2.15
0.418 -0.0586 2.2569 -2.9864 2.0409 -1.7992 2.5002 -2.6146 2.0685 -0.4765 0.2097 1.1245 -2.3266 3.0564 -3.639 1.8138 0.2492 -0.4146 -1.0246 1.04
0.2166 1.678 -0.2803 0.0995 1.2319 -2.8016 2.3336 -2.9748 3.874 -4.8141 5.3516 -5.1832 4.5847 -2.511 3.6419 -2.4281 3.6768 -1.6932 1.3231 0.0153
-0.1215 -2.1371 0.3173 0.654 -0.2915 -2.5896 0.0497 0.3683 -0.755 2.4336 -2.3473 2.7346 -2.9382 0.1898 1.0117 -1.2405 1.4816 -0.1001 2.6131 0.1363
1.0309 -0.7421 -0.2418 0.227 0.488 -0.6924 0.5236 -1.6991 0.333 -0.1581 -0.208 2.5453 -3.9229 3.1426 -3.8137 3.0175 -1.8572 3.2299 -0.5982 0.1395
0.8433 -0.7015 1.0357 -1.7454 -0.5874 -0.5262 -2.6001 4.4038 -2.3775 3.3265 -4.2484 2.07 -1.7251 2.537 -0.4654 0.8581 -3.0741 1.4709 -1.7384 1.7219
-1.627 4.2312 -3.8082 2.497 -1.0969 1.3349 -1.4412 2.0865 -0.7393 -0.5616 2.9485 -4.1217 2.7258 -1.0574 0.3961 -1.215 1.403 -0.625 -0.0617 0.1637
-0.0011 0.3541 -0.8714 3.4975 -2.7199 1.4701 -0.446 -0.6131 -0.1815 2.8856 -3.9397 3.5403 -2.7798 0.8329 -1.8669 1.3432 1.4007 -1.5844 0.7808 -1.2743
-0.0239 -0.6123 -0.9592 -0.576 -1.2946 0.3547 -1.3821 0.9073 0.1182 1.6337 -2.757 3.1003 -2.5315 2.1504 -0.1215 1.4912 -1.7559 0.7371 -0.8307 -0.2278
-0.805 1.9603 -4.9051 4.5865 -4.4736 4.3157 -4.3123 4.8553 -6.6913 5.3827 -5.777 5.2053 -4.2733 4.0979 -2.2912 1.1175 -0.8285 -0.6348 -0.1291 1.6502
0.7171 -1.9944 0.0141 0.9592 2.0827 -3.5895 5.4943 -6.4663 4.6561 -0.8651 2.1397 -1.5235 0.8695 -0.8145 0.4998 -0.3465 1.3813 -1.3707 2.5666 -0.5494
-0.3584 1.9349 -0.7372 1.2139 -2.1144 0.3862 -0.0976 -0.1362 0.6558 -0.8635 1.251 -2.6258 1.1849 -1.3708 1.3932 -0.0533 -1.4215 1.9332 -0.9927 0.4675
-1.0683 0.4558 -0.0141 -0.9833 2.713 -0.8924 0.3037 0.8981 -2.0919 2.9196 -3.1198 2.8005 -2.9946 3.248 -2.9298 2.8647 -2.1051 1.7982 -2.0862 0.7861
1.5183 -2.8235 2.7639 -2.806 3.3759 -2.4833 0.9047 -0.5683 0.8848 0.9174 -0.3924 -0.2618 0.9522 0.0238 -0.0929 0.4713 -3.0611 1.4405 0.162 0.3086
1.2823 -0.7379 2.013 -2.4708 0.5916 -0.4425 1.294 0.8178 2.7744 -2.89 1.6673 -2.2886 3.0607 0.5105 0.7411 -0.1412 1.1034 -0.7483 1.6785 -0.0334
-1.6046 1.7553 -2.077 4.4969 -4.5755 4.8101 -3.2649 2.3335 -0.5366 0.6134 1.0705 -0.9266 -0.562 2.0032 -3.1916 2.1727 -1.1581 0.5021 0.2748 0.9016
-0.0651 0.0446 -0.3403 -1.1895 1.6286 -2.2341 1.1371 -0.8743 1.8149 -0.7813 -1.5203 0.5654 -0.4393 0.4194 0.9843 -2.6923 1.7491 -1.7135 0.85 1.0449
1.4879 -0.4962 0.9219 -1.9369 1.1385 -1.2356 0.2931 -1.22 2.3947 -2.6834 1.7346 -0.8193 0.4606 0.8552 -2.0945 1.7756 -1.7942 -0.6758 2.1504 -2.0073
-0.5738 0.1794 -0.9224 0.7878 -2.463 0.1464 -0.4179 -2.4218 2.6329 -3.7478 5.4312 -3.2145 3.3425 -3.3574 2.8631 -2.8888 3.3323 -2.9863 0.4542 -1.312
0.8745 -0.4006 1.0172 -0.099 1.7227 -2.0992 0.727 -2.7559 2.2774 -2.079 1.6626 -3.1151 4.2808 -3.7648 3.0075 -4.2346 2.7854 -3.0113 2.3156 -0.5126
-1.0046 2.7496 -2.3151 2.5639 -4.4815 6.2373 -6.8304 4.1858 -4.1235 3.2662 -2.3881 2.7232 -0.9487 -0.5475 1.9528 -0.1027 0.6598 -1.3281 -0.3877 1.6759
0.5412 -1.5792 1.0888 -0.6522 1.3396 -0.2189 1.195 -2.5071 1.0484 0.2418 -1.0986 0.7449 -1.0975 0.1912 -0.6813 -0.9885 0.5756 0.2954 1.59 1.1053
0.7555 -0.1682 -0.1441 -1.357 0.8198 -0.4267 0.0819 0.7729 -1.5774 2.6757 -1.9745 2.3904 -4.0899 3.5114 -3.2557 4.0299 -3.3117 2.0103 -0.8183 1.0787
-0.3219 -2.965 1.3776 -0.4516 -0.4324 3.2282 -5.5264 4.5359 -3.5783 5.5976 -2.9753 1.8417 -1.2795 2.5101 -1.4953 -2.1414 1.3098 -1.5572 1.3405 -0.3553
1.3312 -3.4873 6.1835 -5.013 3.8616 -4.0629 4.1276 -3.4163 2.2884 -2.2643 1.7743 -1.8222 0.124 -0.604 -0.104 0.8312 0.8915 -1.6259 0.777 -0.0657
-0.4356 -0.345 0.5852 -0.8584 0.5337 -0.393 -3.8542 0.53 2.0721 -0.6475 2.1201 -2.9591 2.1919 -0.8928 -1.75 2.1195 -2.679 0.8672 -0.6782 1.3305
-0.3127 -0.4689 0.3633 -0.741 0.757 -2.4639 3.4821 -4.6734 4.6252 -2.9475 2.6702 -1.4245 -0.0269 -0.0736 -0.7331 1.5026 -0.5789 -1.3183 2.2394 -0.4441
0.7466 0.2407 0.4904 0.2417 0.3728 -0.6701 2.044 -2.3155 2.1483 -3.1149 0.9864 0.2779 1.9718 -2.3754 2.1655 -1.5385 -0.0276 -0.2656 0.2245 -0.1633
-0.4728 -1.2261 -0.3587 -0.3681 2.6543 -0.4856 1.6502 -1.3257 0.3156 -0.1644 -2.2238 2.0366 -2.7943 2.3297 -3.3321 3.3647 -2.7574 1.0544 0.5336 -0.2742
0.2442 0.0602 2.6479 -2.408 2.5115 -2.1475 5.1769 -6.3171 5.6771 -5.0693 3.3753 -5.0244 5.8778 -3.192 2.8398 -3.5675 4.2067 -4.5277 3.2661 -1.7958
-1.6885 1.71 -2.7515 3.5385 -3.5244 2.657 -0.8462 1.4749 0.6945 -0.7323 -0.8776 -1.98 0.5927 -1.7969 0.9835 -2.5818 1.6915 -2.7511 3.645 -1.3521
2.9122 -4.134 5.2975 -4.7221 4.2522 -2.9002 2.5739 -4.0249 2.7453 -2.9342 4.5584 -2.4311 -0.0353 -0.7172 0.8529 -3.0449 0.6299 0.224 1.0024 -1.7496
-0.173 -1.0805 1.7147 -3.5545 1.5252 -1.0223 -1.1743 1.2361 0.3236 -1.9529 0.7821 -0.1972 -0.7143 0.1706 -1.8671 2.129 -1.1669 0.543 -1.2091 1.0902
0.848 -0.2714 -1.6559 1.1399 0.0958 0.4716 1.2105 -1.7241 2.0485 -3.3474 1.8832 -2.59 3.1923 -5.9807 4.1407 -2.8023 1.4788 0.094 -0.6388 0.6664
-0.9114 -1.7774 2.905 -2.5112 2.7462 -1.7182 1.9129 -3.6203 1.7999 -1.9062 2.9677 -3.2158 2.6834 -1.2933 1.8114 0.9158 -1.5977 0.5974 -2.1033 1.1909
0.0373 -0.9121 1.877 -1.3135 0.4663 1.5517 -0.3063 0.0523 -0.3978 0.6986 -2.6481 3.9207 -3.993 4.1669 -2.5018 3.8419 -3.4688 1.9449 0.4742 -0.5673
1.0692 -0.5645 0.3567 1.315 0.3072 1.5745 -0.5214 -0.1903 2.0777 -1.4332 3.8511 -4.7927 6.1248 -5.8634 6.8101 -4.7125 1.4382 -0.435 0.7058 1.419
2.147 -1.1296 1.0216 -1.9623 2.4695 0.6981 -1.3153 0.9311 -1.2518 0.6227 -0.2575 2.2947 0.2236 -3.2818 5.1966 -4.1108 2.5442 -4.2911 2.1282 -1.8697
-0.0995 0.0627 -1.6262 2.0535 -1.1453 0.2708 2.0192 -2.6244 1.6186 -2.2975 1.7052 -2.0848 1.2369 -0.4168 0.246 0.1257 -0.4596 0.0563 2.514 -2.868
1.4345 -1.5283 0.3831 1.6982 -0.5028 -1.0803 1.5319 -1.444 1.5675 -0.6196 0.6029 -1.6133 0.7839 -0.2358 -1.3397 1.3769 0.1579 0.6233 -2.1813 0.7743
-0.7761 2.1162 -1.7233 1.2993 -2.6803 1.9579 -3.6246 4.5126 -4.239 3.2013 -3.3663 4.528 -2.8371 3.1648 -3.7777 2.7246 -5.3804 3.2158 -3.0227 1.511
0.4948 0.0664 -0.3971 1.466 -1.7626 2.131 -3.0251 1.6796 -1.7751 -0.1632 1.4769 -1.3229 -0.7179 -1.0591 1.0266 -1.3432 0.6528 -0.2396 -0.2209 1.3142
-1.5146 1.5274 -0.4099 0.1205 -1.5148 1.9684 -2.4189 1.0957 0.3912 2e-04 0.9981 0.6938 -1.456 3.0477 -1.8906 1.4502 0.9977 0.9268 -1.7971 2.1412
-0.0011 2.0337 -1.3038 1.3737 -1.4105 0.8338 -0.0744 2.7179 -2.956 1.2211 -2.3445 3.9997 -3.0129 2.8316 -2.7323 3.7277 -4.7511 2.7348 -1.7031 0.3185
1.0268 0.4827 -1.0044 0.1705 0.3991 1.2453 -0.3686 1.4143 -0.1065 0.1542 -0.5253 2.3405 -1.6669 3.5224 -5.2174 4.4354 -4.7202 3.6246 -1.245 0.7556
-1.7494 3.8194 -4.7337 4.3846 -4.3357 4.1554 -6.3705 5.7988 -6.2003 2.8128 -2.8558 0.7623 -0.0319 0.8195 -0.8294 1.629 -1.2917 0.3005 -0.0725 -2.0623
-0.4382 -0.5711 1.5271 0.1001 0.6336 -0.3121 0.3606 -2.1182 0.5509 1.9053 -0.9892 1.6103 -1.8298 1.5795 -3.3085 2.3252 -1.773 1.5164 0.6339 0.0428
1.9763 -2.2723 1.4348 -1.7337 1.0991 -2.37 2.8874 -2.2084 0.9711 -0.0498 1.0539 -1.3952 1.4662 -1.0371 0.4089 -1.8545 3.5234 -3.0197 1.6179 -0.4146
1.1721 0.4074 0.4993 -0.6852 0.1805 0.2599 -1.771 2.1981 -1.3855 0.4276 -1.6363 3.1105 -2.3095 1.974 -2.8604 2.8213 -2.7983 1.9604 0.2513 1.2044
1.1304 -0.4519 -0.3773 0.9065 -0.2101 -1.8612 0.2155 -2.6312 0.5399 -0.8236 1.4058 -0.1112 1.4507 -1.7089 0.8945 0.6867 -0.0883 -1.1948 1.6018 0.2142
0.2374 -0.8875 0.9589 -1.0428 0.0915 1.7547 0.308 -2.0697 3.118 -2.4589 3.3021 -3.799 3.0689 -4.3972 2.0859 -1.0749 -1.8109 1.5702 -1.5513 -0.4018
0.4446 -2.4481 2.1015 -2.9353 0.8605 0.1536 -1.3879 0.6747 2.433 -3.9559 3.4185 -1.981 3.1296 -0.6679 0.5322 -0.4186 0.9132 -0.15 -1.4831 0.7674
-0.7983 2.1033 -3.1666 2.4444 -2.7215 5.3559 -4.6562 2.6274 -1.3901 -0.0582 -0.3498 0.4242 -0.2905 -0.5102 0.6427 0.2366 -0.3835 -0.0069 0.0746 -0.326
0.023 1.5559 -1.3222 0.3657 -0.087 -1.0547 -0.386 0.1694 0.8429 -1.4787 1.5822 -0.91 0.6842 -0.2193 -0.1864 -0.4223 -0.9999 2.3567 -1.3339 0.8629
-0.6693 0.3089 0.0347 -1.6527 0.9656 -0.6993 1.1083 -2.1412 2.4296 -1.7111 2.5927 -0.9976 1.6874 -1.3974 0.9399 0.7012 0.2059 -0.1051 -0.8259 -1.2336
-0.6535 -0.4259 1.263 -0.1131 1.1233 0.0389 -0.779 -0.3118 -0.6281 0.1234 0.7387 -0.6859 -0.2267 0.3734 0.611 0.3939 -1.2012 1.9941 -1.8598 2.0507
-0.5479 0.3512 0.9144 0.3069 0.5599 -0.9513 0.1072 0.7482 -0.0479 1.1484 -1.0222 0.155 -0.371 0.4004 0.0343 1.4458 -0.0514 -2.2362 1.0466 -0.3324
-2.5647 1.9255 -0.7167 -0.7815 3.3373 -2.6567 -0.2948 -0.4608 1.0897 -7e-04 -1.9609 -0.4706 0.8909 -0.6578 2.9878 -4.9351 6.5603 -4.2975 2.7822 0.2216
-0.9098 1.0493 -0.8013 0.497 -0.8496 -1.5351 -1.4225 3.3497 -3.0663 2.6216 -4.5686 3.3372 -2.0552 0.9222 -1.4687 0.9871 -3.1083 1.2434 -0.6167 1.2115
-1.1281 -0.147 -1.6429 1.1899 -1.1996 0.1251 1.966 -2.4019 1.9844 -2.712 4.3148 -4.8229 5.0557 -3.6701 3.7865 -2.0624 3.1755 -3.3703 1.6897 -2.2897
-1.1789 -0.7227 0.3534 0.5584 0.6501 1.8811 -1.6153 1.2513 1.1893 0.5274 -0.1944 -0.1239 -1.0461 -0.7562 0.1034 -0.0023 -0.8983 -0.0857 -1.0161 0.6103
-0.3728 0.2862 1.3562 0.4803 1.791 1.1767 0.4499 -0.9164 1.0374 -0.9737 3.5357 -6.2576 5.1081 -3.4402 3.3671 -1.6184 -0.9929 0.8284 -0.9379 0.1752
-1.191 2.3581 -2.7659 2.973 -2.7216 2.1531 -4.7298 4.7176 -6.2188 4.4996 -4.2617 4.0068 -5.5283 3.9703 -4.859 2.0283 -1.8814 2.2739 -0.84 -0.8037
0.3145 0.1855 -2.8061 3.9447 -3.8966 4.2229 -3.4978 3.3456 -2.4834 2.4148 -1.2715 1.4159 -0.0806 0.8816 -2.4524 2.7941 -3.0885 -0.043 -1.4323 1.205
-0.8843 0.9038 -0.9528 1.591 0.6399 0.0091 -0.6194 1.0406 -1.5382 2.9509 -3.3563 3.3782 -4.1865 0.0995 -1.5545 1.6417 0.0279 -0.2646 1.5585 1.2112
1.6579 -1.7295 2.6394 -1.9976 0.0748 1.1016 -2.3224 0.6148 -0.1759 0.4059 0.2442 0.144 -2.2131 0.0698 -1.4653 1.7897 -1.8231 2.2125 -0.7664 0.2413
0.3178 -0.2579 0.4725 -0.5711 1.7304 -1.14 0.6519 -1.1133 1.1579 -0.9102 1.4751 -2.6797 2.3271 -2.9355 1.2208 -1.1202 1.1923 -1.6811 2.2713 -0.9187
2.1514 -1.9372 0.1305 -0.1393 1.8802 0.2452 -0.1809 0.9366 -2.2319 2.112 -2.4808 1.5156 -1.9308 -1.7283 -0.9271 0.9315 -1.998 0.5801 -0.3349 0.3581
0.2111 -0.8005 -1.125 2.1886 -1.7012 0.8342 0.095 0.2264 -2.9584 1.423 -1.9752 2.7745 -1.8914 1.4636 -1.1563 1.5815 -3.0154 1.944 -0.7199 0.1605
-0.068 0.5824 -0.8705 -0.6158 -2.0064 -0.3911 0.9922 -2.1764 0.5945 -0.5229 -0.5525 1.3445 -0.7203 -1.2015 -0.0278 -0.1917 -0.6098 2.4588 -1.9454 0.0979
-1.0632 1.2686 -1.1417 0.1995 1.9532 -1.8606 3.0517 -3.5302 4.7614 -3.0996 2.3461 -2.2722 1.4785 -0.8941 3.2898 -2.0678 1.3769 -1.5922 0.4934 -0.9525
0.7912 -0.8303 1.9943 -0.8397 0.5927 0.4025 -0.8337 2.1115 -0.868 2.4096 -1.1728 1.7887 0.3828 -1.9929 0.6684 -0.0178 -0.1021 2.0602 -1.7088 1.2603
-0.7108 1.6893 -2.15 2.595 -1.0459 0.414 1.2111 -1.7089 2.017 -2.4373 0.4126 -1.2097 1.216 -1.2032 1.5262 0.0919 -1.3038 1.7182 -2.3623 -0.4063
-0.1349 -2.0658 2.7879 -1.7424 4.8556 -4.9737 4.1615 -3.3243 3.0831 -1.6304 2.4778 -0.6615 1.0925 -2.9679 3.1757 -1.2896 1.3798 -0.2292 0.4303 1.7204
0.6159 -1.5216 -0.5491 0.312 8e-04 -2.5939 2.4816 1.4689 -5.1068 4.6808 -4.595 5.1691 -1.7127 1.2581 -0.6037 0.2695 -0.1379 -1.4844 1.322 -1.2855
-1.8597 1.7676 -0.0464 -0.5475 4.1322 -2.7973 3.627 -4.119 3.5416 -4.2134 6.0928 -4.9219 5.2519 -5.5318 4.2502 -3.548 3.1878 -3.1683 2.5381 -2.3388
0.4891 -2.0599 4.1803 -2.8912 5.5252 -4.3103 4.1489 -3.6856 5.0994 -7.7327 5.5849 -3.0122 4.6244 -2.8392 0.4724 -0.8189 0.8256 -1.544 2.7039 -0.9331
-0.2623 -0.794 -1.5754 -0.037 -0.4083 -0.6302 0.4754 -1.9388 1.8763 -2.8836 1.932 -1.6168 1.4777 -1.5177 1.3838 0.1007 0.4878 -2.2259 1.9567 -1.4205
0.8981 -0.7302 1.6874 -1.6102 0.7616 1.1697 0.1103 -0.611 2.4257 -3.1071 2.6045 -2.5954 4.4337 -5.0876 2.5345 -2.7795 0.9157 -0.0961 0.2821 -0.0872
-2.2458 3.3894 -2.5247 1.1881 -0.4153 -0.7143 0.4214 -0.2733 -0.0156 0.222 0.0528 0.5198 1.048 -4.0265 4.1184 -3.8955 2.3931 -3.4724 2.5267 -1.8087
-0.3783 0.7586 -1.1266 1.4293 -3.1646 4.1068 -4.2368 3.5594 -6.8285 6.2659 -5.8895 3.6983 -4.7349 4.5832 -5.6182 5.34 -4.4561 3.1472 -2.272 1.9383
1.4095 -1.3796 2.4799 -2.3565 1.8764 0.281 0.4333 -0.5844 -0.75 1.0486 0.256 0.6193 -1.2119 0.3123 0.4507 -0.2717 0.7496 -1.6013 -0.2789 0.7957
1.914 -2.7021 3.25 -2.4989 2.759 -0.9831 -0.1977 0.6989 1.2554 -2.9038 2.9379 -1.4041 2.1943 -2.6487 2.3679 -1.4619 0.809 0.9715 0.0621 1.2319
0.728 -2.1587 1.617 -2.1192 2.9017 -3.1354 3.7121 -3.5911 3.3229 -5.1237 4.6232 -4.0464 4.8028 -3.2843 2.5691 -2.2266 0.3382 -1.0344 0.7429 0.4096
0.8202 -1.4999 1.8894 -1.8881 1.8545 -0.8804 -0.0229 1.3737 -1.3614 1.4628 -0.9699 -0.5771 1.6001 -0.6994 1.0189 -1.6602 0.9955 0.209 -0.1215 0.0045
1.5789 -1.0288 -0.212 1.3802 -3.4384 2.8349 -2.8214 3.2081 -1.6917 1.486 -2.4443 2.3729 -2.3178 2.14 -2.0194 3.4224 -1.9302 4.4618 -3.4955 2.8145
0.6948 -0.4884 1.434 -0.3666 0.773 0.763 0.7215 -2.852 2.6613 -0.9409 1.1076 -1.9372 1.1778 -2.2165 1.7744 -2.0736 0.8621 0.7229 -0.2363 -0.0084
0.6748 -1.5885 2.4472 -1.8892 2.7498 -2.7908 1.2133 0.8214 0.3668 0.6257 -0.7033 1.5327 -3.1865 4.0762 -1.8025 -0.024 0.655 0.447 -0.8809 0.9458
0.0996 0.3997 -0.4905 2.3 -4.7331 5.9339 -7.0116 6.4583 -6.3151 4.9905 -5.8366 5.3515 -3.993 3.8665 -3.9907 2.584 -2.9055 1.5055 -0.3619 -0.1471
0.2326 0.6495 -0.784 0.6829 -1.7618 -0.2418 -0.1764 -0.7926 -0.7248 0.0449 -0.7566 3.3389 -3.5313 3.3342 -4.9625 4.2109 -2.7142 0.3018 1.1993 -1.4424
0.0927 -1.931 1.7485 -0.3191 -0.8538 -0.4221 2.6971 -3.3448 1.8478 -3.074 2.8673 -1.9754 -0.0145 -1.9719 3.6132 -3.539 4.0148 -3.8638 2.7523 -1.8448
0.6626 -0.1026 -1.617 2.1465 -1.4762 0.8112 1.3569 0.6648 -0.8823 0.6065 -0.5119 2.7107 -0.9535 -1.5065 1.7591 -0.8763 1.7211 -1.1018 1.9406 -0.652
-2.8632 1.8657 -1.6954 1.5188 -2.2036 3.7358 -4.0041 2.6998 -2.9843 1.9496 -2.2969 3.4266 -3.4724 2.6946 -1.3356 0.8149 -2.0084 2.5793 -1.4919 -0.229
1.249 -2.5559 1.4965 -0.8488 3.1502 -2.32 1.6156 0.6286 0.3737 1.69 -0.4191 1.0279 -1.0161 0.4356 0.1917 0.1687 0.6663 -0.9488 0.009 0.8012
1.2677 0.0405 -2.3029 3.3294 -2.5783 1.8826 -2.0457 1.9532 0.2718 -1.5853 -0.2536 0.0953 0.2713 1.3793 -1.7632 3.0903 -0.9965 2.264 -2.1645 -0.2153
-1.2269 0.4562 2.0032 -2.7369 0.5762 -1.5006 0.2256 0.7436 -0.508 -0.1864 1.7827 -0.6774 -0.2483 -0.3885 1.2498 0.1277 -1.3386 0.8517 -3.5 1.6186
-0.8432 0.1936 0.4849 1.2056 0.7257 -0.8557 1.0996 -0.9745 -1.8242 0.3648 -0.5361 -0.8693 3.7966 -2.4939 -0.4024 0.9997 0.7221 -2.486 3.8421 -2.3694
