0.608 0.5524 0.4492 -0.8633 -2.4693 -2.3308 4.0359 -4.7633 3.5019 -5.5956 5.1773 -2.833 1.4001 0.2422 1.9848 -3.6708 1.9111 -2.9574 2.75 -0.8204
-1.4646 -0.3743 -0.1417 -0.5327 0.5741 3.1659 -3.034 4.8975 -3.888 3.6708 -2.8034 2.9621 -2.3741 0.8867 0.7246 -1.0949 0.5954 -1.2547 2.5008 0.8268
-0.7315 -1.5745 -2.0133 -2.1286 -1.3558 1.1625 -1.9971 2.9917 -2.3166 0.0137 1.1619 -1.3815 2.6831 -3.8573 3.6193 -2.6324 1.701 -1.9635 0.5877 -0.8558
-0.7077 -0.7856 -1.0064 -1.8651 -2.9082 -2.9161 3.7729 -3.2866 2.3684 -2.869 3.954 -2.6923 3.006 -3.1819 3.1654 -1.1586 -0.2756 -1.56 1.6388 1.3851
-0.3431 -1.9401 -0.8919 -0.3199 0.4787 -0.5419 0.9313 -1.6996 3.0117 -1.919 2.9298 -1.3884 0.3158 1.1016 -1.4557 1.3249 -0.7839 1.704 -1.683 1.1012
-0.0171 -2.0943 -0.5719 2.7478 2.0784 0.9505 -1.203 1.0724 -2.051 1.0127 -0.7455 -0.6591 -0.2749 1.0255 -0.5757 -1.254 -0.1055 1.2358 -0.8224 1.4702
0.3931 -0.3908 0.3145 0.2639 2.0113 0.9297 -1.9585 2.0169 -4.1145 4.1093 -5.2131 4.303 -4.2905 2.098 -2.3603 1.7961 -1.1982 0.1266 0.964 -0.1464
1.3527 0.9217 2.0061 0.8757 2.0427 0.1623 2.3092 -0.9682 3.5097 -3.9146 2.8483 -4.1994 3.7223 -3.7187 3.0109 -3.4508 3.6221 -1.0323 0.1515 -1.4275
-0.2311 -1.5587 -0.3947 0.5667 -0.233 -1.5218 1.143 -1.2933 2.7886 -2.6163 2.6619 -0.8011 2.6388 -2.5651 1.7775 -1.5033 2.0759 -1.779 -0.5146 -0.0134
1.1652 1.9911 3.5231 4.0568 3.2592 3.7065 -3.3344 2.4672 -3.6742 3.412 -2.657 1.6162 -0.6446 -0.997 1.0739 -1.3177 1.1187 -1.703 1.1516 0.9385
0.2008 -0.414 -0.6562 0.0918 2.2496 -0.1922 -2.4221 2.5226 -1.9367 1.3775 -1.2568 1.2788 -0.7217 -0.1667 -1.0423 0.1432 -0.3269 -0.1859 0.264 -0.0224
-0.2478 -1.6946 -1.1474 -0.4597 0.0978 -0.7399 2.2514 -1.897 2.9287 -4.0249 3.2221 -1.0996 0.5775 2.2386 -3.5085 2.9256 -0.9984 1.3071 -1.0408 -0.6442
0.8968 0.4042 -0.0138 1.0228 1.5763 2.1365 0.8373 1.116 -1.8992 0.0464 1.7511 -0.9784 0.298 -0.6261 0.9927 0.8616 0.0171 1.2171 0.0219 -0.0435
-1.551 -1.7776 -1.9591 -1.8486 -1.6769 0.7987 0.5089 -0.7039 3.9431 -3.8998 2.2691 -4.073 2.1687 -1.3122 1.4355 -1.6663 2.567 -1.4391 1.6713 -0.9764
-0.2649 1.2844 1.6628 1.7716 3.0155 2.0387 -1.2794 1.605 -0.2879 0.4999 1.5078 -1.1139 -0.1471 1.7135 -1.8046 1.4814 -1.7126 1.9927 -1.7456 -0.2653
-0.3234 -0.6212 -0.3408 -0.4876 0.4852 1.6811 -0.5509 -0.8713 0.499 -1.9251 -1.1665 1.5468 -1.134 4.619 -4.5661 2.6944 -1.3616 0.1221 -0.4771 -1.3391
0.5835 0.8624 0.3897 0.5136 0.5474 0.6305 1.4977 -0.8306 -0.1327 0.527 0.8163 -4.631 4.7269 -3.1755 1.0159 -1.0602 3.8277 -2.6767 3.8125 -2.2909
2.066 0.9045 1.0757 1.7166 0.0413 -0.7333 0.6677 -0.6744 -0.5208 -1.0975 -0.0864 0.2406 -1.342 1.1399 0.1395 -1.7814 1.8742 -1.2575 1.9671 -1.2101
-1.1992 -0.8217 -0.4222 2.218 1.8713 0.1315 1.1537 -0.8363 2.5663 -2.2969 3.0942 -0.6966 0.7095 1.657 -2.6472 2.5234 -3.5877 2.5644 -2.3457 2.5532
-0.2561 -0.0445 -0.1029 0.4413 1.9918 0.302 1.3696 -2.6574 4.7708 -4.7345 4.5205 -2.8285 3.9839 -1.2347 2.4205 -3.9303 2.7746 -3.1208 1.7427 0.8954
0.2945 0.4861 -2.2725 -2.0627 -1.0744 -0.2701 -0.3067 0.2031 0.2324 -0.2711 0.8376 -2.6784 3.2558 -3.75 1.447 -1.8342 1.8078 -1.1155 0.7939 0.6287
-0.2596 0.4428 -0.2412 -0.9345 -2.3309 -1.9613 -0.0151 -2.2416 3.0329 -5.6793 5.7014 -4.6743 2.8828 -2.6739 1.8213 -0.5514 1.5174 -1.9711 0.6131 -1.1886
0.8598 -1.17 -0.4368 0.5672 2.3895 1.8928 -3.4933 3.7926 -3.3875 5.0057 -5.19 5.5985 -4.6648 4.4522 -3.178 3.6952 -1.8343 2.4627 -0.2914 0.2241
-1.4326 -1.7725 -1.6388 -0.9277 0.4062 -0.409 0.6628 -0.953 1.7536 -2.3229 2.1911 -2.8314 3.0771 -1.1424 0.8293 -2.2968 3.3973 -1.9537 3.4499 -2.122
-0.4751 0.5324 1.1322 1.1097 0.8914 1.228 -1.5718 0.8784 -0.0432 -0.9535 0.7577 0.552 0.0876 0.3753 -0.6953 0.4203 -1.7306 0.6321 -1.9223 1.5357
-1.2088 1.0703 1.5394 -0.3258 -0.6039 0.1142 -0.2903 2.5166 -4.6926 4.8036 -4.5456 3.7574 -5.1689 4.6898 -2.3894 3.6569 -2.471 3.8301 -2.9836 1.0811
-0.7766 -1.6415 -0.2683 0.0882 0.8975 0.642 -0.2951 0.1956 -0.7529 2.493 -2.7084 3.4407 -2.6942 2.3225 -4.021 2.9665 -0.7823 2.5653 -1.1373 0.7633
-1.7458 -0.0962 1.5644 1.9354 2.1159 4.1445 -6.0814 6.0271 -4.8661 1.9972 -1.7992 0.3227 0.2088 -0.0731 -0.2501 -0.2781 1.5977 -2.912 1.4537 -1.796
0.0068 -2.2599 -0.9285 -0.909 -0.4816 0.7904 1.5349 -1.6923 2.6386 -2.5097 4.2503 -3.7107 2.2363 -1.9 0.8262 -1.1341 -0.1436 0.4482 0.8467 1.0105
0.7522 0.4625 1.2606 0.0558 0.1243 -0.1952 1.0548 -0.1672 1.3631 -2.4719 3.6508 -4.0065 3.2988 -2.1892 1.3677 -0.1856 -0.9885 -0.4795 1.0463 0.5167
-1.3379 -0.8332 -1.4297 -1.4687 -0.1652 -0.0978 -1.0641 -0.3455 2.3353 -2.2246 2.718 -3.672 1.4868 -1.0258 0.5575 0.9351 -1.1161 -1.0824 0.7035 0.1001
-0.9697 -0.8595 -0.5506 -2.4228 0.0178 -0.144 0.2888 1.2452 -1.3182 -1.742 0.4859 -0.0172 1.3719 1.0921 -0.87 0.3304 -1.1798 2.3234 -2.3248 0.1038
1.5608 1.1955 2.034 1.4821 -0.5691 -0.2548 -0.5578 -0.8547 2.2613 -1.5536 1.4858 -3.1171 3.6123 -1.2483 1.862 -0.4824 -1.0872 0.1209 0.45 -0.5027
1.172 1.1044 1.7437 0.9112 -0.1209 2.2487 -4.7846 6.1225 -8.186 8.4129 -8.1854 6.8379 -4.5482 3.4829 -4.0342 4.0068 -3.9406 3.5366 -0.8467 -1.2352
0.706 1.583 2.2498 0.2504 1.1585 4.3507 -4.4934 4.2697 -5.1175 3.9075 -4.2935 3.3063 -2.4814 1.4545 -1.5097 2.5326 -1.814 2.0949 -3.3813 2.4518
0.3503 -0.8691 0.4082 -1.0874 0.0147 -1.1002 0.5055 -1.1921 0.6219 -1.1723 0.576 -0.4178 2.141 -2.5625 3.1447 -1.974 2.761 -0.5686 1.9903 -0.6199
-0.3985 -1.6933 1.071 2.5416 -1.0529 0.7425 -0.5469 -0.5256 1.2737 -2.4528 2.2147 0.4103 -1.0364 -0.7614 1.8266 -1.6983 2.2473 -4.0738 4.0775 -1.8204
2.1639 2.6173 1.017 0.3801 0.869 2.6625 -2.3274 1.5202 -0.0291 1.6219 -0.1147 0.885 0.2843 0.66 1.244 -0.4174 0.8731 -0.6514 0.5334 0.692
-1.7961 -0.9239 0.1528 0.2697 -2.0203 0.37 -1.1675 1.75 -2.2898 2.851 -3.0573 4.4397 -5.1062 5.2717 -5.309 4.1889 -2.5322 2.4964 -1.2862 1.2772
0.6939 0.9636 -0.9837 -2.1025 -1.2472 -1.5125 0.2582 -2.6193 2.9415 -1.7411 0.8585 -2.7687 3.2563 -3.993 3.9395 -3.1779 2.8289 -4.1824 1.9425 -1.3114
-0.8941 -0.8799 -0.4729 -0.4798 0.2716 0.7034 2.0032 -3.8074 4.7707 -4.8854 4.2336 -3.9905 3.8104 -2.6757 3.7197 -2.4706 2.4026 -1.1052 1.4279 0.4643
-0.1204 -0.2067 -1.7453 -2.9301 -2.4618 -2.537 3.2743 -2.4572 1.6914 -1.7035 1.4834 -2.8013 0.6051 -0.6503 0.4974 -0.7758 4.0381 -4.1605 2.9997 -1.0264
-0.3974 -0.2748 0.1198 1.7305 1.0598 0.2173 -1.5849 1.3724 -0.21 1.312 -0.1357 -0.2323 1.7093 -2.1847 2.413 -1.0341 1.2438 -0.4338 0.8038 -0.2743
-0.1918 -1.1667 0.0798 -0.0884 -1.4369 -0.8416 1.0314 -1.0288 1.1945 -0.2651 -0.0834 -0.3742 2.9853 -2.7593 1.7952 0.2749 1.0372 -1.2094 0.8734 -0.003
0.7552 -0.1159 0.7965 0.6651 1.5561 0.3108 -1.4535 1.7154 -1.4974 -0.0238 2.0466 -2.0382 0.1692 1.0211 -1.4676 3.4151 -2.1821 0.9658 0.7925 1.3147
1.3984 0.5004 0.5552 -0.4956 -0.1853 0.691 -0.6683 -0.9869 0.5587 -1.6602 1.6684 -0.971 1.7597 -2.7454 4.3802 -3.3149 1.3848 -3.1133 2.8477 -1.6496
-0.2204 0.7985 -0.2585 0.1068 -0.7498 -1.0922 1.6292 -3.2118 4.712 -4.7143 4.224 -1.9225 3.036 -2.1171 1.2128 0.1664 -0.9468 1.5583 -1.5042 -0.5902
-1.3603 -2.6433 -0.458 -0.8906 -0.7047 -1.3026 2.1567 -2.3461 3.3976 -2.7595 1.8289 -0.7193 1.0222 0.0741 -0.6536 1.4346 0.7111 -1.0609 0.8268 -1.5956
-0.2194 -0.2981 -1.0044 -0.6563 -2.279 -2.2755 0.6821 1.2736 1.7288 -2.1521 1.5878 0.3925 1.6408 -3.0213 3.3625 -3.796 2.9907 -2.225 2.8528 -2.0666
1.0757 -0.1503 1.2955 0.7002 0.0628 -0.759 0.5855 -0.9715 -0.6018 1.1797 -1.7002 -0.4625 0.5663 -1.1426 -0.9217 0.5102 -3.3525 3.7801 -3.3096 1.2661
-0.8692 -1.2443 0.6758 -1.8176 -0.9118 -0.9122 2.6431 -2.4115 3.7416 -5.47 3.5556 -3.5559 3.5295 -1.0351 2.4115 -3.2201 5.2501 -2.0902 2.2 0.0872
-0.4333 0.4186 2.6593 0.7607 1.9448 1.17 -3.1571 2.0165 1.2759 -2.6518 2.683 -2.7119 0.9619 -2.7788 2.9198 -4.0156 3.9504 -2.8447 0.9049 -0.6089
0.1759 1.545 1.1208 -0.098 1.4265 -0.0121 0.5921 -0.268 -0.7349 -0.2162 1.5755 -1.7843 3.5655 -1.8557 3.4198 -4.5236 5.1667 -3.5313 3.0491 -0.1065
-0.0309 0.1134 -0.4591 1.9134 2.0028 0.3457 -0.1878 -0.9148 0.3151 -1.9045 1.565 -0.1131 -0.7077 0.6699 -0.5242 -1.3218 0.8214 -1.081 1.9329 -1.418
0.4419 0.0183 -0.097 0.9459 -0.5245 -0.3967 -1.0724 1.9776 -3.9067 5.5607 -3.7001 2.5411 -0.8117 -1.1112 0.8659 -0.6049 2.8267 -4.0281 2.7047 -0.7378
-0.3146 0.0438 -0.4578 0.8393 -1.7336 -1.6169 -0.1846 0.1358 -0.8985 -1.3898 1.4753 -3.5425 2.332 -0.2908 -1.2998 1.7934 -0.9951 0.2381 -0.7092 -0.6224
1.3564 1.5763 -0.511 -0.3499 0.4737 0.9483 -3.2785 2.9568 -2.3743 1.76 -0.9214 -2.7856 1.5268 -1.4045 0.1935 0.2903 0.8438 0.5622 -1.0689 0.322
-1.6544 -0.7342 -0.5661 -0.1026 -0.8007 -1.05 0.152 -0.6322 0.545 0.6172 -0.5557 0.3275 -2.7529 2.009 -0.6207 -0.218 1.3743 -0.6965 -0.7606 0.5276
-0.0059 -0.3572 -1.0877 -1.1723 -1.6031 -1.7677 2.1827 -2.5993 2.0311 -1.3997 1.7044 -0.6716 2.8925 -1.8729 2.9811 -0.6278 2.972 -3.259 1.1562 -1.3919
-1.3436 -1.9285 0.8712 0.4724 0.4969 -0.2736 0.9667 -1.6573 -0.195 -0.9537 1.5035 0.1822 -3.7292 3.3347 -2.8666 0.8645 -0.7997 -0.2537 1.2748 -0.0398
-0.1983 -1.1897 -0.9265 -2.9081 -2.6701 -1.7434 2.083 -0.174 1.4648 -2.2065 0.7538 -0.6384 2.5879 -3.4197 4.8079 -3.9622 2.7235 -2.9878 -0.6277 -0.5918
0.0319 -0.2401 0.2848 -1.1204 -0.482 -1.2976 1.0524 -2.4933 3.4743 -1.1815 0.3297 -0.9035 1.0021 0.1596 0.9494 -1.3205 0.793 -0.6228 0.0537 -0.7005
0.0135 0.3105 0.7916 -0.3675 -0.8729 -2.4107 3.3408 -5.4588 4.5269 -3.9382 5.4098 -5.5518 5.3185 -5.0887 5.9356 -5.2353 4.2574 -4.6323 4.3233 -1.8746
0.699 0.4729 -0.0264 -0.1945 -3.1834 -0.9306 2.5209 -4.1417 2.6374 -2.5136 2.5634 -1.8217 1.2737 -1.2693 0.5048 -1.485 -0.8001 2.437 -3.4093 0.439
-1.063 0.4882 0.7984 1.6786 2.7985 1.1174 0.809 -1.761 -1.4058 1.3689 -1.3854 2.4825 -1.5151 1.2568 -1.0293 0.9362 -2.6572 3.029 -2.9226 0.8036
-0.4594 0.4254 -1.7445 -0.7498 -1.0876 0.1593 -0.1823 -0.5333 2.2378 -1.5941 1.1289 0.4053 -0.9984 1.0905 -1.7485 0.8763 -1.8159 3.587 -2.2313 -0.1697
-0.814 0.9862 0.9981 0.0182 -0.1521 -0.641 1.104 0.1588 -0.2079 0.7108 -1.1075 0.2004 0.8041 0.8462 -1.2848 1.4078 -1.1227 0.6327 -1.7892 0.4614
-0.4117 0.4832 2.1035 1.6326 1.0912 0.5165 1.4744 -0.4112 -1.3665 -0.397 1.5139 -0.8136 1.7461 -2.2938 1.4274 -1.6773 1.9238 -0.2185 1.0243 -1.1759
0.1402 0.0161 -1.7879 0.466 2.0859 2.6046 -2.8585 3.7159 -2.2672 1.8366 -1.1253 1.0239 -1.3317 2.3636 -1.3014 0.0909 -1.3829 0.8158 -2.7485 1.6389
0.1023 -1.1149 -0.2106 -0.6609 -1.8056 -0.3096 1.7158 -0.7488 0.3404 0.9037 0.0624 1.3025 -1.9624 2.4095 -1.1009 2.9278 -1.6213 0.6683 -0.8966 -0.6171
-0.1174 1.0513 0.9248 -0.4648 2.5481 2.526 -0.9769 -0.3557 1.3135 -2.5502 -0.04 0.7701 -3.1447 1.1756 0.0033 -0.0056 -0.1846 -0.3209 -2.4159 1.4416
-1.1897 -0.2914 -1.3373 -1.7542 -2.7283 -0.5687 2.5835 -3.3801 2.9703 -4.0615 3.3279 -2.4756 1.416 -0.33 -0.6402 0.6036 0.0804 -0.2456 0.6296 -1.5462
1.1376 2.2154 0.1859 0.1573 2.0033 -0.145 -0.0145 -2.1041 1.3729 -0.5926 -0.6273 1.8403 -0.58 1.5762 -1.6854 -0.6222 1.7025 -0.472 0.4642 0.0188
2.578 -0.2296 -0.7019 -2.0918 -0.5083 0.3095 -0.7269 -0.138 1.387 0.3072 -1.8938 1.6255 -2.2764 2.0989 -1.8728 -0.8335 0.3071 -0.9541 -0.949 0.1773
-0.7244 -1.5715 -3.0493 -1.8464 -1.6095 -3.0542 0.4413 -0.6222 -0.1585 2.2966 -4.3774 4.6698 -3.3748 2.872 -1.6966 2.4712 -1.6532 0.9124 -0.5026 0.8932
1.1393 1.1041 -0.178 0.33 1.4758 1.4161 -0.2817 0.7205 -0.2404 0.2901 -0.3532 0.4865 -0.2053 -1.4909 1.6418 -0.8128 0.0974 -0.8573 -0.5028 2.4564
-0.7351 -0.1396 -0.914 -0.3577 -0.6818 -1.0271 2.3702 -2.1825 -0.0111 2.3349 -2.4977 1.1308 -1.4075 2.0593 -0.5197 0.2477 -1.1552 3.7035 -1.9319 -0.0844
-2.293 -0.9967 0.4719 0.4794 -0.5614 -1.0153 2.1312 -3.8733 4.2796 -3.1519 5.2676 -4.6187 5.2603 -5.2932 3.1751 -4.2119 1.831 -1.3503 2.142 -0.002
1.3893 -0.0553 -0.1422 -0.8799 0.4845 -1.9607 -0.4518 0.9051 -0.2458 0.1239 -0.6979 2.8094 -3.0205 2.4219 -2.5692 3.0634 -0.9671 -0.5256 -1.4614 0.1381
1.4004 1.2829 1.9469 -0.3142 -1.109 -0.2377 0.5629 -2.1694 1.5327 -0.8096 0.4611 -0.3462 -1.2687 3.2204 -2.2353 1.6565 -1.111 -0.0199 0.3935 -1.1732
-0.8549 -1.8686 -1.9475 0.03 0.6007 -0.1353 0.5017 -1.8215 -0.0829 -0.3357 -1.0699 2.833 -0.3011 1.3515 0.4114 -1.4241 2.3995 -2.6792 2.9578 0.8209
-2.2586 -1.2414 -2.2813 -1.9153 -1.7894 0.1889 0.5204 0.5247 0.3539 -0.5803 0.0504 0.62 -0.3416 1.365 -1.9799 0.0182 0.0885 -1.3296 2.8375 -1.9112
-0.4868 -1.2205 -0.4573 0.7453 1.5359 1.2735 -2.4324 2.8992 -1.953 0.3015 -0.621 -0.5468 -0.4055 0.3877 1.8181 -1.0094 -0.2451 -1.562 1.0032 -0.4483
-0.1879 -1.3509 0.2077 1.3717 1.1987 1.5166 -2.695 4.1065 -3.7117 2.0546 -1.9929 2.1219 -1.5374 1.1103 -2.1662 2.5089 -4.1602 3.0599 -1.8682 1.877
0.3389 -0.4613 -0.3841 -1.587 -1.2354 -0.6593 0.4354 0.4244 -0.5531 3.8095 -4.2209 4.0374 -2.8141 2.4191 -0.5358 -0.1039 0.2604 -2.4164 2.1066 0.2675
2.1191 -0.4985 -0.973 -2.5023 -1.9392 -2.6053 2.7972 -2.7429 2.0831 -0.4719 0.5556 -0.877 -0.8365 1.2668 -0.8674 -0.4831 0.3868 0.1656 0.4366 -0.6453
-0.283 -0.8795 -0.6819 0.1389 0.1425 -1.1907 1.5134 0.1123 -0.2119 0.5037 -1.0046 1.7132 -0.4744 -1.7521 -1.2891 3.7785 -4.5477 3.6736 -1.4356 1.4495
1.2212 1.3226 -0.2247 -0.6618 0.022 -0.8164 -1.0681 0.4172 -0.2033 0.8789 -0.4894 -0.2516 1.1229 -3.1748 0.4845 0.2944 -0.3178 1.1269 0.4981 -0.4027
1.453 -1.4427 -0.1888 -2.0602 -0.0023 -0.3485 0.4652 -1.6121 1.7446 -1.0168 0.7049 -1.7306 0.4351 2.341 0.0879 -1.637 0.0622 0.2076 0.7507 0.2917
1.121 0.7283 2.5363 2.4337 1.5676 1.4782 -2.7155 4.5012 -2.3016 2.6425 -3.5932 4.0355 -2.0741 2.1088 -1.0496 2.8235 -2.2199 1.5818 -0.2259 -0.8677
-0.3423 -0.0436 -1.0957 -2.5227 -3.8454 -2.2804 2.3536 -0.8903 -1.0659 -0.8667 0.4028 -0.4426 -0.7545 0.7297 -0.8271 -1.4368 1.4449 0.5136 -0.7121 1.5314
0.9859 0.1422 0.9356 0.5354 0.1898 0.3261 -0.4689 1.6536 -0.0723 1.6789 -1.5415 5e-04 -0.7835 1.2409 -3.2998 4.6797 -1.8295 0.5584 -1.9563 0.8115
-1.2835 -0.6833 0.2316 0.4707 -0.962 0.8133 -3.0096 1.2512 -1.9635 3.4431 -3.6327 3.0589 -4.7943 4.661 -2.7993 2.9421 -3.7796 0.7348 0.0995 0.0966
-0.8721 -0.5666 0.1559 0.6392 2.4956 3.2618 -4.0949 1.4111 -0.6411 1.5559 -3.7825 3.5682 -1.4966 -2.0682 -0.1097 -0.5645 1.4949 0.3359 0.2152 0.4816
0.2287 0.0606 -1.3089 1.2447 0.0717 1.5953 -0.2461 0.2354 0.3254 -1.4964 1.1551 0.8202 -0.3348 -0.8054 -0.0409 2.93 -2.6661 4.198 -2.3834 1.3798
1.4059 0.5866 -0.1175 -0.4564 -1.2749 -2.0773 2.8017 -3.3344 3.6107 -4.4235 4.5828 -3.6208 4.4596 -3.8324 1.9344 -0.1196 -0.8032 0.1737 0.2884 -0.9808
-0.4779 1.5111 -1.6268 -0.9191 -2.6218 -4.2733 5.6492 -2.9635 0.0389 -0.8528 1.1427 -2.6141 1.1407 -2.6835 0.5357 -0.9982 1.0537 -1.9573 -1.9579 1.3866
-0.5802 0.0332 0.2208 1.5383 -0.9138 -1.1234 2.3802 -3.2814 3.4386 -4.3294 3.2067 -2.9405 0.2591 -1.7412 0.3501 -1.3262 1.4804 1.3094 -1.8951 2.0348
0.5116 -0.3489 1.1597 1.4423 0.8136 -1.1376 1.5208 -1.8156 2.9541 -5.0815 4.2218 -4.5631 2.2593 -0.7986 0.3142 0.4844 -0.1466 1.6956 -1.3771 1.1605
0.6393 -0.5008 1.1145 0.5151 1.0015 2.4786 -0.4774 0.6429 -1.5114 0.6466 -0.7622 0.1219 -1.4138 0.9433 -1.6652 0.444 0.5364 -0.347 -0.7711 2.2761
